{
  "asset": {
    "gltfUpAxis": "Z",
    "version": "0.0"
  },
  "geometricError": 200,
  "root": {
    "boundingVolume": {
      "region": [
        2.060416,
        0.426281,
        2.062911,
        0.427716,
        0.0,
        300.0
      ]
    },
    "children": [
      {
        "boundingVolume": {
          "region": [
            2.06049,
            0.426589,
            2.060578,
            0.426644,
            0.0,
            36.0
          ]
        },
        "content": {
          "uri": "./tile/4/0/3.b3dm"
        },
        "geometricError": 100.0,
        "refine": "REPLACE",
        "transform": [
          -0.882456,
          -0.470394,
          0.0,
          0.0,
          0.193564,
          -0.363125,
          0.911413,
          0.0,
          -0.428233,
          0.803363,
          0.413793,
          0.0,
          -2732896.669508,
          5126896.768563,
          2623064.244479,
          1
        ]
      },
      {
        "boundingVolume": {
          "region": [
            2.060416,
            0.426639,
            2.060583,
            0.426735,
            0.0,
            36.0
          ]
        },
        "content": {
          "uri": "./tile/4/0/4.b3dm"
        },
        "geometricError": 100.0,
        "refine": "REPLACE",
        "transform": [
          -0.882473,
          -0.470364,
          0.0,
          0.0,
          0.193582,
          -0.363188,
          0.911384,
          0.0,
          -0.428192,
          0.803352,
          0.413857,
          0.0,
          -2732634.194907,
          5126826.692222,
          2623471.883478,
          1
        ]
      },
      {
        "boundingVolume": {
          "region": [
            2.06044,
            0.426728,
            2.060579,
            0.426815,
            0.0,
            30.0
          ]
        },
        "content": {
          "uri": "./tile/4/0/5.b3dm"
        },
        "geometricError": 100.0,
        "refine": "REPLACE",
        "transform": [
          -0.882468,
          -0.470373,
          0.0,
          0.0,
          0.193622,
          -0.363254,
          0.911349,
          0.0,
          -0.428184,
          0.803316,
          0.413934,
          0.0,
          -2732581.539589,
          5126602.706232,
          2623961.0934,
          1
        ]
      },
      {
        "boundingVolume": {
          "region": [
            2.060712,
            0.427186,
            2.060718,
            0.427198,
            0.0,
            6.0
          ]
        },
        "content": {
          "uri": "./tile/4/1/10.b3dm"
        },
        "geometricError": 100.0,
        "refine": "REPLACE",
        "transform": [
          -0.882371,
          -0.470554,
          0.0,
          0.0,
          0.193876,
          -0.363551,
          0.911177,
          0.0,
          -0.428267,
          0.803075,
          0.414317,
          0.0,
          -2733113.776673,
          5125067.205243,
          2626388.836071,
          1
        ]
      },
      {
        "boundingVolume": {
          "region": [
            2.060646,
            0.426551,
            2.060647,
            0.426551,
            0.0,
            6.0
          ]
        },
        "content": {
          "uri": "./tile/4/1/2.b3dm"
        },
        "geometricError": 100.0,
        "refine": "REPLACE",
        "transform": [
          -0.882404,
          -0.470493,
          0.0,
          0.0,
          0.193577,
          -0.363051,
          0.91144,
          0.0,
          -0.428336,
          0.803339,
          0.413733,
          0.0,
          -2733553.914993,
          5126741.680216,
          2622685.047153,
          1
        ]
      },
      {
        "boundingVolume": {
          "region": [
            2.06057,
            0.426557,
            2.060733,
            0.426647,
            0.0,
            30.0
          ]
        },
        "content": {
          "uri": "./tile/4/1/3.b3dm"
        },
        "geometricError": 100.0,
        "refine": "REPLACE",
        "transform": [
          -0.882401,
          -0.470498,
          0.0,
          0.0,
          0.193601,
          -0.363091,
          0.911419,
          0.0,
          -0.428331,
          0.803317,
          0.41378,
          0.0,
          -2733519.25239,
          5126607.78965,
          2622980.885842,
          1
        ]
      },
      {
        "boundingVolume": {
          "region": [
            2.060572,
            0.426639,
            2.06072,
            0.426736,
            0.0,
            36.0
          ]
        },
        "content": {
          "uri": "./tile/4/1/4.b3dm"
        },
        "geometricError": 100.0,
        "refine": "REPLACE",
        "transform": [
          -0.882403,
          -0.470494,
          0.0,
          0.0,
          0.193635,
          -0.36316,
          0.911384,
          0.0,
          -0.42831,
          0.803289,
          0.413857,
          0.0,
          -2733386.954328,
          5126425.049014,
          2623472.555535,
          1
        ]
      },
      {
        "boundingVolume": {
          "region": [
            2.060566,
            0.426728,
            2.060736,
            0.426824,
            0.0,
            38.0
          ]
        },
        "content": {
          "uri": "./tile/4/1/5.b3dm"
        },
        "geometricError": 100.0,
        "refine": "REPLACE",
        "transform": [
          -0.882401,
          -0.470498,
          0.0,
          0.0,
          0.193675,
          -0.36323,
          0.911347,
          0.0,
          -0.428296,
          0.803254,
          0.413938,
          0.0,
          -2733300.512109,
          5126207.137426,
          2623984.917981,
          1
        ]
      },
      {
        "boundingVolume": {
          "region": [
            2.060655,
            0.426818,
            2.060733,
            0.426919,
            0.0,
            278.0
          ]
        },
        "content": {
          "uri": "./tile/4/1/6.b3dm"
        },
        "geometricError": 100.0,
        "refine": "REPLACE",
        "transform": [
          -0.882381,
          -0.470535,
          0.0,
          0.0,
          0.19373,
          -0.363295,
          0.91131,
          0.0,
          -0.428313,
          0.803202,
          0.414022,
          0.0,
          -2733406.994894,
          5125875.964752,
          2624517.311311,
          1
        ]
      },
      {
        "boundingVolume": {
          "region": [
            2.060641,
            0.426908,
            2.060733,
            0.427005,
            0.0,
            300.0
          ]
        },
        "content": {
          "uri": "./tile/4/1/7.b3dm"
        },
        "geometricError": 100.0,
        "refine": "REPLACE",
        "transform": [
          -0.882384,
          -0.47053,
          0.0,
          0.0,
          0.193765,
          -0.363367,
          0.911274,
          0.0,
          -0.42829,
          0.803173,
          0.414102,
          0.0,
          -2733263.029824,
          5125689.828282,
          2625027.290235,
          1
        ]
      },
      {
        "boundingVolume": {
          "region": [
            2.060656,
            0.426998,
            2.060739,
            0.427089,
            0.0,
            300.0
          ]
        },
        "content": {
          "uri": "./tile/4/1/8.b3dm"
        },
        "geometricError": 100.0,
        "refine": "REPLACE",
        "transform": [
          -0.882379,
          -0.470539,
          0.0,
          0.0,
          0.193806,
          -0.363435,
          0.911238,
          0.0,
          -0.428282,
          0.803137,
          0.414182,
          0.0,
          -2733208.40634,
          5125459.532016,
          2625530.397955,
          1
        ]
      },
      {
        "boundingVolume": {
          "region": [
            2.060695,
            0.427098,
            2.06074,
            0.427177,
            0.0,
            36.0
          ]
        },
        "content": {
          "uri": "./tile/4/1/9.b3dm"
        },
        "geometricError": 100.0,
        "refine": "REPLACE",
        "transform": [
          -0.88237,
          -0.470557,
          0.0,
          0.0,
          0.193853,
          -0.363506,
          0.911199,
          0.0,
          -0.42828,
          0.803094,
          0.414267,
          0.0,
          -2733195.975803,
          5125186.24241,
          2626073.115392,
          1
        ]
      },
      {
        "boundingVolume": {
          "region": [
            2.061976,
            0.426447,
            2.061982,
            0.426463,
            0.0,
            12.0
          ]
        },
        "content": {
          "uri": "./tile/4/10/1.b3dm"
        },
        "geometricError": 100.0,
        "refine": "REPLACE",
        "transform": [
          -0.881776,
          -0.471669,
          0.0,
          0.0,
          0.19402,
          -0.362715,
          0.911479,
          0.0,
          -0.429426,
          0.802802,
          0.413646,
          0.0,
          -2740505.016251,
          5123315.267869,
          2622130.174807,
          1
        ]
      },
      {
        "boundingVolume": {
          "region": [
            2.061959,
            0.427175,
            2.062145,
            0.427275,
            0.0,
            198.0
          ]
        },
        "content": {
          "uri": "./tile/4/10/10.b3dm"
        },
        "geometricError": 100.0,
        "refine": "REPLACE",
        "transform": [
          -0.881741,
          -0.471733,
          0.0,
          0.0,
          0.194375,
          -0.363317,
          0.911163,
          0.0,
          -0.429334,
          0.80249,
          0.414347,
          0.0,
          -2739923.83567,
          5121332.222131,
          2626577.631485,
          1
        ]
      },
      {
        "boundingVolume": {
          "region": [
            2.061967,
            0.427265,
            2.062133,
            0.427358,
            0.0,
            198.0
          ]
        },
        "content": {
          "uri": "./tile/4/10/11.b3dm"
        },
        "geometricError": 100.0,
        "refine": "REPLACE",
        "transform": [
          -0.881742,
          -0.471732,
          0.0,
          0.0,
          0.194412,
          -0.363387,
          0.911128,
          0.0,
          -0.429315,
          0.802459,
          0.414425,
          0.0,
          -2739808.086483,
          5121135.659192,
          2627078.204875,
          1
        ]
      },
      {
        "boundingVolume": {
          "region": [
            2.061959,
            0.426465,
            2.062067,
            0.426557,
            0.0,
            36.0
          ]
        },
        "content": {
          "uri": "./tile/4/10/2.b3dm"
        },
        "geometricError": 100.0,
        "refine": "REPLACE",
        "transform": [
          -0.88176,
          -0.471699,
          0.0,
          0.0,
          0.194056,
          -0.362754,
          0.911456,
          0.0,
          -0.429442,
          0.802767,
          0.413697,
          0.0,
          -2740609.45433,
          5123091.54962,
          2622455.912171,
          1
        ]
      },
      {
        "boundingVolume": {
          "region": [
            2.061963,
            0.42655,
            2.062134,
            0.426647,
            0.0,
            108.0
          ]
        },
        "content": {
          "uri": "./tile/4/10/3.b3dm"
        },
        "geometricError": 100.0,
        "refine": "REPLACE",
        "transform": [
          -0.881743,
          -0.47173,
          0.0,
          0.0,
          0.194106,
          -0.362817,
          0.91142,
          0.0,
          -0.429453,
          0.80272,
          0.413777,
          0.0,
          -2740681.729008,
          5122792.763154,
          2622960.606378,
          1
        ]
      },
      {
        "boundingVolume": {
          "region": [
            2.06197,
            0.42664,
            2.062144,
            0.426738,
            0.0,
            36.0
          ]
        },
        "content": {
          "uri": "./tile/4/10/4.b3dm"
        },
        "geometricError": 100.0,
        "refine": "REPLACE",
        "transform": [
          -0.881739,
          -0.471738,
          0.0,
          0.0,
          0.194148,
          -0.362888,
          0.911383,
          0.0,
          -0.429442,
          0.802683,
          0.413859,
          0.0,
          -2740613.588782,
          5122559.677244,
          2623483.447593,
          1
        ]
      },
      {
        "boundingVolume": {
          "region": [
            2.062002,
            0.426728,
            2.062133,
            0.426823,
            0.0,
            36.0
          ]
        },
        "content": {
          "uri": "./tile/4/10/5.b3dm"
        },
        "geometricError": 100.0,
        "refine": "REPLACE",
        "transform": [
          -0.881734,
          -0.471747,
          0.0,
          0.0,
          0.194189,
          -0.362955,
          0.911348,
          0.0,
          -0.429434,
          0.802647,
          0.413938,
          0.0,
          -2740560.074635,
          5122331.155795,
          2623982.138104,
          1
        ]
      },
      {
        "boundingVolume": {
          "region": [
            2.06199,
            0.426823,
            2.062139,
            0.42691,
            0.0,
            36.0
          ]
        },
        "content": {
          "uri": "./tile/4/10/6.b3dm"
        },
        "geometricError": 100.0,
        "refine": "REPLACE",
        "transform": [
          -0.881735,
          -0.471744,
          0.0,
          0.0,
          0.194227,
          -0.363028,
          0.91131,
          0.0,
          -0.429414,
          0.802615,
          0.41402,
          0.0,
          -2740431.891764,
          5122129.106529,
          2624506.840568,
          1
        ]
      },
      {
        "boundingVolume": {
          "region": [
            2.062016,
            0.426907,
            2.062132,
            0.427004,
            0.0,
            36.0
          ]
        },
        "content": {
          "uri": "./tile/4/10/7.b3dm"
        },
        "geometricError": 100.0,
        "refine": "REPLACE",
        "transform": [
          -0.881731,
          -0.471753,
          0.0,
          0.0,
          0.194268,
          -0.363097,
          0.911274,
          0.0,
          -0.429404,
          0.802579,
          0.414101,
          0.0,
          -2740369.589771,
          5121896.723688,
          2625021.892245,
          1
        ]
      },
      {
        "boundingVolume": {
          "region": [
            2.061972,
            0.426999,
            2.062125,
            0.42706,
            0.0,
            36.0
          ]
        },
        "content": {
          "uri": "./tile/4/10/8.b3dm"
        },
        "geometricError": 100.0,
        "refine": "REPLACE",
        "transform": [
          -0.881743,
          -0.47173,
          0.0,
          0.0,
          0.19429,
          -0.363161,
          0.911244,
          0.0,
          -0.429369,
          0.802563,
          0.414169,
          0.0,
          -2740147.571957,
          5121795.457166,
          2625448.335119,
          1
        ]
      },
      {
        "boundingVolume": {
          "region": [
            2.061971,
            0.427102,
            2.062133,
            0.427182,
            0.0,
            198.0
          ]
        },
        "content": {
          "uri": "./tile/4/10/9.b3dm"
        },
        "geometricError": 100.0,
        "refine": "REPLACE",
        "transform": [
          -0.881741,
          -0.471733,
          0.0,
          0.0,
          0.19434,
          -0.363251,
          0.911197,
          0.0,
          -0.42935,
          0.80252,
          0.414271,
          0.0,
          -2740026.675104,
          5121524.602547,
          2626098.425088,
          1
        ]
      },
      {
        "boundingVolume": {
          "region": [
            2.062126,
            0.427175,
            2.062308,
            0.427277,
            0.0,
            198.0
          ]
        },
        "content": {
          "uri": "./tile/4/11/10.b3dm"
        },
        "geometricError": 100.0,
        "refine": "REPLACE",
        "transform": [
          -0.881664,
          -0.471879,
          0.0,
          0.0,
          0.194436,
          -0.363286,
          0.911163,
          0.0,
          -0.429465,
          0.802418,
          0.414348,
          0.0,
          -2740765.048803,
          5120878.599915,
          2626584.37564,
          1
        ]
      },
      {
        "boundingVolume": {
          "region": [
            2.062118,
            0.427265,
            2.062302,
            0.427363,
            0.0,
            198.0
          ]
        },
        "content": {
          "uri": "./tile/4/11/11.b3dm"
        },
        "geometricError": 100.0,
        "refine": "REPLACE",
        "transform": [
          -0.881667,
          -0.471873,
          0.0,
          0.0,
          0.194471,
          -0.363358,
          0.911127,
          0.0,
          -0.429443,
          0.802389,
          0.414428,
          0.0,
          -2740621.20537,
          5120692.860882,
          2627093.106581,
          1
        ]
      },
      {
        "boundingVolume": {
          "region": [
            2.062132,
            0.427356,
            2.062285,
            0.427395,
            0.0,
            198.0
          ]
        },
        "content": {
          "uri": "./tile/4/11/12.b3dm"
        },
        "geometricError": 100.0,
        "refine": "REPLACE",
        "transform": [
          -0.881667,
          -0.471871,
          0.0,
          0.0,
          0.194497,
          -0.363407,
          0.911102,
          0.0,
          -0.42943,
          0.802367,
          0.414483,
          0.0,
          -2740538.674187,
          5120555.036597,
          2627445.446159,
          1
        ]
      },
      {
        "boundingVolume": {
          "region": [
            2.062116,
            0.426589,
            2.062218,
            0.426644,
            0.0,
            36.0
          ]
        },
        "content": {
          "uri": "./tile/4/11/3.b3dm"
        },
        "geometricError": 100.0,
        "refine": "REPLACE",
        "transform": [
          -0.881687,
          -0.471835,
          0.0,
          0.0,
          0.194157,
          -0.362808,
          0.911413,
          0.0,
          -0.429545,
          0.802662,
          0.413793,
          0.0,
          -2741267.132716,
          5122427.296564,
          2623061.930775,
          1
        ]
      },
      {
        "boundingVolume": {
          "region": [
            2.062126,
            0.42664,
            2.062289,
            0.426741,
            0.0,
            108.0
          ]
        },
        "content": {
          "uri": "./tile/4/11/4.b3dm"
        },
        "geometricError": 100.0,
        "refine": "REPLACE",
        "transform": [
          -0.881668,
          -0.47187,
          0.0,
          0.0,
          0.194203,
          -0.362859,
          0.911383,
          0.0,
          -0.429563,
          0.802618,
          0.41386,
          0.0,
          -2741382.66247,
          5122144.828898,
          2623489.872712,
          1
        ]
      },
      {
        "boundingVolume": {
          "region": [
            2.062122,
            0.426728,
            2.062289,
            0.426824,
            0.0,
            48.0
          ]
        },
        "content": {
          "uri": "./tile/4/11/5.b3dm"
        },
        "geometricError": 100.0,
        "refine": "REPLACE",
        "transform": [
          -0.881669,
          -0.471869,
          0.0,
          0.0,
          0.194239,
          -0.362928,
          0.911347,
          0.0,
          -0.429544,
          0.802588,
          0.413938,
          0.0,
          -2741265.470654,
          5121951.767814,
          2623985.866788,
          1
        ]
      },
      {
        "boundingVolume": {
          "region": [
            2.062128,
            0.426818,
            2.062289,
            0.426915,
            0.0,
            108.0
          ]
        },
        "content": {
          "uri": "./tile/4/11/6.b3dm"
        },
        "geometricError": 100.0,
        "refine": "REPLACE",
        "transform": [
          -0.881667,
          -0.471871,
          0.0,
          0.0,
          0.194279,
          -0.363,
          0.91131,
          0.0,
          -0.429529,
          0.802553,
          0.41402,
          0.0,
          -2741170.038707,
          5121734.33822,
          2624506.410042,
          1
        ]
      },
      {
        "boundingVolume": {
          "region": [
            2.062124,
            0.426907,
            2.062288,
            0.427006,
            0.0,
            36.0
          ]
        },
        "content": {
          "uri": "./tile/4/11/7.b3dm"
        },
        "geometricError": 100.0,
        "refine": "REPLACE",
        "transform": [
          -0.881668,
          -0.471869,
          0.0,
          0.0,
          0.194317,
          -0.363073,
          0.911273,
          0.0,
          -0.42951,
          0.802521,
          0.414103,
          0.0,
          -2741045.77109,
          5121530.706089,
          2625029.998304,
          1
        ]
      },
      {
        "boundingVolume": {
          "region": [
            2.062191,
            0.426996,
            2.062295,
            0.427083,
            0.0,
            108.0
          ]
        },
        "content": {
          "uri": "./tile/4/11/8.b3dm"
        },
        "geometricError": 100.0,
        "refine": "REPLACE",
        "transform": [
          -0.881651,
          -0.471902,
          0.0,
          0.0,
          0.194366,
          -0.363132,
          0.911239,
          0.0,
          -0.429523,
          0.802475,
          0.414178,
          0.0,
          -2741132.019017,
          5121237.87179,
          2625507.986163,
          1
        ]
      },
      {
        "boundingVolume": {
          "region": [
            2.062121,
            0.427088,
            2.062292,
            0.427182,
            0.0,
            198.0
          ]
        },
        "content": {
          "uri": "./tile/4/11/9.b3dm"
        },
        "geometricError": 100.0,
        "refine": "REPLACE",
        "transform": [
          -0.881668,
          -0.471869,
          0.0,
          0.0,
          0.194393,
          -0.363215,
          0.9112,
          0.0,
          -0.429475,
          0.802456,
          0.414265,
          0.0,
          -2740825.512261,
          5121118.151824,
          2626057.729738,
          1
        ]
      },
      {
        "boundingVolume": {
          "region": [
            2.062281,
            0.427175,
            2.062452,
            0.427281,
            0.0,
            108.0
          ]
        },
        "content": {
          "uri": "./tile/4/12/10.b3dm"
        },
        "geometricError": 100.0,
        "refine": "REPLACE",
        "transform": [
          -0.881593,
          -0.472011,
          0.0,
          0.0,
          0.194491,
          -0.363258,
          0.911162,
          0.0,
          -0.429585,
          0.802353,
          0.414349,
          0.0,
          -2741530.265073,
          5120463.038793,
          2626595.864889,
          1
        ]
      },
      {
        "boundingVolume": {
          "region": [
            2.062283,
            0.427265,
            2.062444,
            0.427365,
            0.0,
            108.0
          ]
        },
        "content": {
          "uri": "./tile/4/12/11.b3dm"
        },
        "geometricError": 100.0,
        "refine": "REPLACE",
        "transform": [
          -0.881594,
          -0.472008,
          0.0,
          0.0,
          0.194527,
          -0.363328,
          0.911127,
          0.0,
          -0.429566,
          0.802323,
          0.414428,
          0.0,
          -2741407.220959,
          5120270.072702,
          2627097.038498,
          1
        ]
      },
      {
        "boundingVolume": {
          "region": [
            2.062273,
            0.427354,
            2.062454,
            0.42745,
            0.0,
            198.0
          ]
        },
        "content": {
          "uri": "./tile/4/12/12.b3dm"
        },
        "geometricError": 100.0,
        "refine": "REPLACE",
        "transform": [
          -0.881594,
          -0.472008,
          0.0,
          0.0,
          0.194565,
          -0.363398,
          0.911091,
          0.0,
          -0.429549,
          0.802291,
          0.414508,
          0.0,
          -2741298.535696,
          5120067.351491,
          2627602.09819,
          1
        ]
      },
      {
        "boundingVolume": {
          "region": [
            2.06241,
            0.42745,
            2.062438,
            0.427454,
            0.0,
            24.0
          ]
        },
        "content": {
          "uri": "./tile/4/12/13.b3dm"
        },
        "geometricError": 100.0,
        "refine": "REPLACE",
        "transform": [
          -0.881566,
          -0.472062,
          0.0,
          0.0,
          0.194608,
          -0.363426,
          0.91107,
          0.0,
          -0.429588,
          0.802247,
          0.414553,
          0.0,
          -2741547.744279,
          5119785.35147,
          2627889.622644,
          1
        ]
      },
      {
        "boundingVolume": {
          "region": [
            2.062281,
            0.426717,
            2.062338,
            0.426734,
            0.0,
            12.0
          ]
        },
        "content": {
          "uri": "./tile/4/12/4.b3dm"
        },
        "geometricError": 100.0,
        "refine": "REPLACE",
        "transform": [
          -0.88162,
          -0.47196,
          0.0,
          0.0,
          0.194255,
          -0.362868,
          0.911368,
          0.0,
          -0.429638,
          0.802561,
          0.413892,
          0.0,
          -2741861.236078,
          5121783.982422,
          2623692.871376,
          1
        ]
      },
      {
        "boundingVolume": {
          "region": [
            2.062272,
            0.426729,
            2.062434,
            0.426827,
            0.0,
            108.0
          ]
        },
        "content": {
          "uri": "./tile/4/12/5.b3dm"
        },
        "geometricError": 100.0,
        "refine": "REPLACE",
        "transform": [
          -0.881599,
          -0.471999,
          0.0,
          0.0,
          0.194293,
          -0.362901,
          0.911347,
          0.0,
          -0.429662,
          0.802523,
          0.41394,
          0.0,
          -2742018.600805,
          5121542.68849,
          2623997.369945,
          1
        ]
      },
      {
        "boundingVolume": {
          "region": [
            2.062281,
            0.426818,
            2.062447,
            0.426912,
            0.0,
            108.0
          ]
        },
        "content": {
          "uri": "./tile/4/12/6.b3dm"
        },
        "geometricError": 100.0,
        "refine": "REPLACE",
        "transform": [
          -0.881594,
          -0.472008,
          0.0,
          0.0,
          0.194335,
          -0.362969,
          0.911311,
          0.0,
          -0.429654,
          0.802487,
          0.414019,
          0.0,
          -2741966.286024,
          5121311.42171,
          2624499.979883,
          1
        ]
      },
      {
        "boundingVolume": {
          "region": [
            2.062279,
            0.426915,
            2.062419,
            0.427005,
            0.0,
            36.0
          ]
        },
        "content": {
          "uri": "./tile/4/12/7.b3dm"
        },
        "geometricError": 100.0,
        "refine": "REPLACE",
        "transform": [
          -0.881601,
          -0.471995,
          0.0,
          0.0,
          0.19437,
          -0.363048,
          0.911272,
          0.0,
          -0.429624,
          0.802459,
          0.414106,
          0.0,
          -2741772.334705,
          5121132.201043,
          2625048.565596,
          1
        ]
      },
      {
        "boundingVolume": {
          "region": [
            2.062281,
            0.426999,
            2.062455,
            0.427098,
            0.0,
            198.0
          ]
        },
        "content": {
          "uri": "./tile/4/12/8.b3dm"
        },
        "geometricError": 100.0,
        "refine": "REPLACE",
        "transform": [
          -0.881592,
          -0.472012,
          0.0,
          0.0,
          0.194415,
          -0.363114,
          0.911236,
          0.0,
          -0.429622,
          0.802418,
          0.414186,
          0.0,
          -2741762.60477,
          5120874.585658,
          2625557.808239,
          1
        ]
      },
      {
        "boundingVolume": {
          "region": [
            2.062281,
            0.427086,
            2.062444,
            0.427184,
            0.0,
            198.0
          ]
        },
        "content": {
          "uri": "./tile/4/12/9.b3dm"
        },
        "geometricError": 100.0,
        "refine": "REPLACE",
        "transform": [
          -0.881594,
          -0.472008,
          0.0,
          0.0,
          0.19445,
          -0.363185,
          0.9112,
          0.0,
          -0.429601,
          0.802389,
          0.414265,
          0.0,
          -2741627.451465,
          5120688.062556,
          2626059.298901,
          1
        ]
      },
      {
        "boundingVolume": {
          "region": [
            2.062438,
            0.427175,
            2.0626,
            0.427273,
            0.0,
            198.0
          ]
        },
        "content": {
          "uri": "./tile/4/13/10.b3dm"
        },
        "geometricError": 100.0,
        "refine": "REPLACE",
        "transform": [
          -0.881521,
          -0.472145,
          0.0,
          0.0,
          0.194545,
          -0.363226,
          0.911164,
          0.0,
          -0.429708,
          0.802289,
          0.414346,
          0.0,
          -2742314.482287,
          5120055.281257,
          2626572.252289,
          1
        ]
      },
      {
        "boundingVolume": {
          "region": [
            2.062432,
            0.427265,
            2.0626,
            0.427368,
            0.0,
            198.0
          ]
        },
        "content": {
          "uri": "./tile/4/13/11.b3dm"
        },
        "geometricError": 100.0,
        "refine": "REPLACE",
        "transform": [
          -0.881522,
          -0.472142,
          0.0,
          0.0,
          0.194583,
          -0.3633,
          0.911126,
          0.0,
          -0.429688,
          0.802257,
          0.41443,
          0.0,
          -2742184.621517,
          5119848.417436,
          2627107.408351,
          1
        ]
      },
      {
        "boundingVolume": {
          "region": [
            2.062438,
            0.427355,
            2.062614,
            0.427454,
            0.0,
            198.0
          ]
        },
        "content": {
          "uri": "./tile/4/13/12.b3dm"
        },
        "geometricError": 100.0,
        "refine": "REPLACE",
        "transform": [
          -0.881518,
          -0.472151,
          0.0,
          0.0,
          0.194624,
          -0.363368,
          0.91109,
          0.0,
          -0.429679,
          0.80222,
          0.41451,
          0.0,
          -2742128.139505,
          5119617.192153,
          2627613.517987,
          1
        ]
      },
      {
        "boundingVolume": {
          "region": [
            2.062431,
            0.427443,
            2.062623,
            0.427542,
            0.0,
            108.0
          ]
        },
        "content": {
          "uri": "./tile/4/13/13.b3dm"
        },
        "geometricError": 100.0,
        "refine": "REPLACE",
        "transform": [
          -0.881517,
          -0.472152,
          0.0,
          0.0,
          0.194663,
          -0.363439,
          0.911054,
          0.0,
          -0.429662,
          0.802188,
          0.41459,
          0.0,
          -2742023.735953,
          5119409.225591,
          2628124.169852,
          1
        ]
      },
      {
        "boundingVolume": {
          "region": [
            2.062547,
            0.42757,
            2.062551,
            0.427592,
            0.0,
            12.0
          ]
        },
        "content": {
          "uri": "./tile/4/13/14.b3dm"
        },
        "geometricError": 100.0,
        "refine": "REPLACE",
        "transform": [
          -0.881507,
          -0.472172,
          0.0,
          0.0,
          0.194709,
          -0.363505,
          0.911017,
          0.0,
          -0.429663,
          0.802146,
          0.414671,
          0.0,
          -2742026.476248,
          5119143.974022,
          2628634.500382,
          1
        ]
      },
      {
        "boundingVolume": {
          "region": [
            2.062439,
            0.426841,
            2.062539,
            0.426913,
            0.0,
            36.0
          ]
        },
        "content": {
          "uri": "./tile/4/13/6.b3dm"
        },
        "geometricError": 100.0,
        "refine": "REPLACE",
        "transform": [
          -0.881535,
          -0.472119,
          0.0,
          0.0,
          0.194385,
          -0.362954,
          0.911306,
          0.0,
          -0.429752,
          0.802429,
          0.41403,
          0.0,
          -2742591.586037,
          5120940.279499,
          2624570.344459,
          1
        ]
      },
      {
        "boundingVolume": {
          "region": [
            2.062434,
            0.426906,
            2.062599,
            0.427017,
            0.0,
            198.0
          ]
        },
        "content": {
          "uri": "./tile/4/13/7.b3dm"
        },
        "geometricError": 100.0,
        "refine": "REPLACE",
        "transform": [
          -0.881522,
          -0.472143,
          0.0,
          0.0,
          0.194432,
          -0.363016,
          0.911271,
          0.0,
          -0.429758,
          0.802386,
          0.414107,
          0.0,
          -2742630.247927,
          5120667.43716,
          2625058.948185,
          1
        ]
      },
      {
        "boundingVolume": {
          "region": [
            2.062438,
            0.426997,
            2.062634,
            0.427102,
            0.0,
            198.0
          ]
        },
        "content": {
          "uri": "./tile/4/13/8.b3dm"
        },
        "geometricError": 100.0,
        "refine": "REPLACE",
        "transform": [
          -0.881513,
          -0.47216,
          0.0,
          0.0,
          0.194476,
          -0.363083,
          0.911235,
          0.0,
          -0.429756,
          0.802346,
          0.414187,
          0.0,
          -2742620.125329,
          5120410.881513,
          2625566.501223,
          1
        ]
      },
      {
        "boundingVolume": {
          "region": [
            2.062429,
            0.427085,
            2.062652,
            0.427185,
            0.0,
            198.0
          ]
        },
        "content": {
          "uri": "./tile/4/13/9.b3dm"
        },
        "geometricError": 100.0,
        "refine": "REPLACE",
        "transform": [
          -0.881511,
          -0.472164,
          0.0,
          0.0,
          0.194515,
          -0.363151,
          0.9112,
          0.0,
          -0.429743,
          0.802312,
          0.414265,
          0.0,
          -2742537.49974,
          5120199.513459,
          2626061.629206,
          1
        ]
      },
      {
        "boundingVolume": {
          "region": [
            2.062587,
            0.427175,
            2.06278,
            0.427279,
            0.0,
            300.0
          ]
        },
        "content": {
          "uri": "./tile/4/14/10.b3dm"
        },
        "geometricError": 100.0,
        "refine": "REPLACE",
        "transform": [
          -0.881443,
          -0.47229,
          0.0,
          0.0,
          0.194606,
          -0.363196,
          0.911163,
          0.0,
          -0.42984,
          0.802218,
          0.414348,
          0.0,
          -2743154.563045,
          5119596.752941,
          2626588.690284,
          1
        ]
      },
      {
        "boundingVolume": {
          "region": [
            2.062583,
            0.427264,
            2.062755,
            0.427372,
            0.0,
            198.0
          ]
        },
        "content": {
          "uri": "./tile/4/14/11.b3dm"
        },
        "geometricError": 100.0,
        "refine": "REPLACE",
        "transform": [
          -0.88145,
          -0.472278,
          0.0,
          0.0,
          0.19464,
          -0.363272,
          0.911125,
          0.0,
          -0.429811,
          0.80219,
          0.414432,
          0.0,
          -2742969.020656,
          5119423.078034,
          2627117.355317,
          1
        ]
      },
      {
        "boundingVolume": {
          "region": [
            2.062594,
            0.427353,
            2.062766,
            0.427461,
            0.0,
            300.0
          ]
        },
        "content": {
          "uri": "./tile/4/14/12.b3dm"
        },
        "geometricError": 100.0,
        "refine": "REPLACE",
        "transform": [
          -0.881445,
          -0.472287,
          0.0,
          0.0,
          0.194682,
          -0.363341,
          0.911089,
          0.0,
          -0.429802,
          0.802153,
          0.414513,
          0.0,
          -2742913.632568,
          5119186.956627,
          2627631.78319,
          1
        ]
      },
      {
        "boundingVolume": {
          "region": [
            2.062594,
            0.427443,
            2.062753,
            0.427542,
            0.0,
            300.0
          ]
        },
        "content": {
          "uri": "./tile/4/14/13.b3dm"
        },
        "geometricError": 100.0,
        "refine": "REPLACE",
        "transform": [
          -0.881448,
          -0.472281,
          0.0,
          0.0,
          0.194716,
          -0.36341,
          0.911054,
          0.0,
          -0.42978,
          0.802125,
          0.41459,
          0.0,
          -2742773.453235,
          5119007.327033,
          2628124.690974,
          1
        ]
      },
      {
        "boundingVolume": {
          "region": [
            2.062596,
            0.427533,
            2.062771,
            0.427619,
            0.0,
            198.0
          ]
        },
        "content": {
          "uri": "./tile/4/14/14.b3dm"
        },
        "geometricError": 100.0,
        "refine": "REPLACE",
        "transform": [
          -0.881443,
          -0.47229,
          0.0,
          0.0,
          0.194755,
          -0.363475,
          0.911019,
          0.0,
          -0.429772,
          0.80209,
          0.414666,
          0.0,
          -2742720.868718,
          5118786.40819,
          2628606.568715,
          1
        ]
      },
      {
        "boundingVolume": {
          "region": [
            2.062591,
            0.426958,
            2.062608,
            0.427002,
            0.0,
            108.0
          ]
        },
        "content": {
          "uri": "./tile/4/14/7.b3dm"
        },
        "geometricError": 100.0,
        "refine": "REPLACE",
